68,52
68,51
68,50
68,49
68,48
68,47
68,46
68,45
68,44
68,43
68,42
68,41
68,40
68,39
68,38
68,37
68,36
68,35
3,2
3,1
3,3
10,245
10,155
10,157
10,191
10,117
10,67
10,281
10,1
10,243
10,2
10,3
11,30
11,29
11,28
11,11
11,9
11,5
11,14
11,1
11,19
11,2
11,3
9,7
9,1
9,5
9,2
9,3
8,4
8,11
8,5
8,7
8,12
8,17
8,1
8,16
8,2
8,3
12,2
12,1
12,3
20,2
20,1
20,3
19,2
19,1
19,3
18,1
18,3
14,1
14,3
13,1
13,3
2,2
2,1
2,3
66,3
66,2
66,1
66,0
65,3
65,2
65,1
65,0
64,3
64,2
64,1
64,0
63,3
63,2
63,1
63,0
62,3
62,2
62,1
62,0
61,3
61,2
61,1
61,0
56,4
56,3
56,2
56,1
56,0
0,472
